0 0.38359375 0.121875 0.1265625 0.11328125
0 0.55390625 0.11953125 0.15546875 0.1234375
0 0.71015625 0.1328125 0.1390625 0.1015625
0 0.36875 0.034375 0.10546875 0.06640625
0 0.71640625 0.04765625 0.121875 0.07734375
0 0.525 0.03046875 0.1078125 0.05546875
0 0.1953125 0.36484375 0.16953125 0.14609375
0 0.52421875 0.45546875 0.11015625 0.14140625
0 0.578125 0.35390625 0.1171875 0.06953125
0 0.346875 0.4734375 0.1625 0.16171875
0 0.0921875 0.4625 0.14140625 0.14375
0 0.3765625 0.3515625 0.1890625 0.13828125